3 2 6 0.1202530066172282
3 6 6 0.03360148270924886
3 10 6 0.04081503550211588
3 14 6 0.05646177132924398
3 18 6 0.055086215337117515
3 22 6 0.05214238166809082
3 26 6 0.054433306058247886
3 30 6 0.053424437840779625
3 34 6 0.0534061590830485
3 38 6 0.05314993858337402
3 42 6 0.032949209213256836
3 46 6 0.045709570248921715
3 50 6 0.056839187939961754
3 54 6 0.05376048882802328
3 58 6 0.05750703811645508
3 62 4 0.03654754161834717
3 66 4 0.03622317314147949
3 70 4 0.03677511215209961
3 74 4 0.04056096076965332
3 78 4 0.045783936977386475
5 2 6 0.05171775817871094
5 6 6 0.07529536883036296
5 10 6 0.03293283780415853
5 14 6 0.03217248121897379
5 18 6 0.0691911776860555
5 22 6 0.11019412676493327
5 26 6 0.05843265851338705
5 30 6 0.05889300505320231
5 34 6 0.042980035146077476
5 38 6 0.03737727801005045
5 42 6 0.03930091857910156
5 46 6 0.03921627998352051
5 50 6 0.04157078266143799
5 54 6 0.04267056783040365
5 58 6 0.04284826914469401
5 62 4 0.04117482900619507
5 66 4 0.04506337642669678
5 70 4 0.05405372381210327
5 74 4 0.050153136253356934
5 78 4 0.056460440158843994
7 2 6 0.03803753852844238
7 6 6 0.03520087401072184
7 10 6 0.03536832332611084
7 14 6 0.037398894627889
7 18 6 0.03614942232767741
7 22 6 0.03941039244333903
7 26 6 0.03988003730773926
7 30 6 0.03958658377329508
7 34 6 0.041129112243652344
7 38 6 0.04340497652689616
7 42 6 0.04511801401774088
7 46 6 0.047285000483194985
7 50 6 0.05141528447469076
7 54 6 0.08408339818318684
7 58 6 0.12215113639831543
7 62 4 0.056516170501708984
7 66 4 0.06559580564498901
7 70 4 0.06826448440551758
7 74 4 0.07006901502609253
7 78 4 0.07945090532302856
9 2 6 0.03390244642893473
9 6 6 0.03492919603983561
9 10 6 0.03507113456726074
9 14 6 0.03283766905466715
9 18 6 0.033649841944376625
9 22 6 0.03586924076080322
9 26 6 0.05258313814798991
9 30 6 0.04526793956756592
9 34 6 0.05766260623931885
9 38 6 0.05238795280456543
9 42 6 0.06866586208343506
9 46 6 0.06941767533620198
9 50 6 0.06193312009175619
9 54 6 0.06589361031850179
9 58 6 0.08454076449076335
9 62 4 0.07118600606918335
9 66 4 0.07969027757644653
9 70 4 0.07674211263656616
9 74 4 0.09766578674316406
9 78 4 0.11360687017440796
11 2 6 0.03461003303527832
11 6 6 0.0359275738398234
11 10 6 0.03411575158437093
11 14 6 0.037641008694966636
11 18 6 0.0460061232248942
11 22 6 0.049896041552225746
11 26 6 0.046932737032572426
11 30 6 0.08851154645284016
11 34 6 0.12315011024475098
11 38 6 0.07143561045328777
11 42 6 0.08594250679016113
11 46 6 0.07557372252146403
11 50 6 0.08328024546305339
11 54 6 0.10350652535756429
11 58 6 0.09464911619822185
11 62 4 0.11088621616363525
11 66 4 0.11573618650436401
11 70 4 0.12985706329345703
11 74 4 0.13650691509246826
11 78 4 0.19767898321151733
13 2 6 0.036551992098490395
13 6 6 0.03737139701843262
13 10 6 0.03507983684539795
13 14 6 0.038718342781066895
13 18 6 0.04262336095174154
13 22 6 0.049201130867004395
13 26 6 0.047660271326700844
13 30 6 0.05618131160736084
13 34 6 0.06014847755432129
13 38 6 0.0799029270807902
13 42 6 0.08922831217447917
13 46 6 0.08745801448822021
13 50 6 0.12262495358784993
13 54 6 0.10666839281717937
13 58 6 0.11879165967305501
13 62 4 0.1472530961036682
13 66 4 0.13667523860931396
13 70 4 0.15607964992523193
13 74 4 0.18567222356796265
13 78 4 0.1840345859527588
15 2 6 0.054599642753601074
15 6 6 0.09167333443959554
15 10 6 0.04004991054534912
15 14 6 0.04311561584472656
15 18 6 0.05004719893137614
15 22 6 0.05097277959187826
15 26 6 0.05640347798665365
15 30 6 0.06784478823343913
15 34 6 0.08069880803426106
15 38 6 0.08223521709442139
15 42 6 0.1052321990331014
15 46 6 0.1055294672648112
15 50 6 0.12380794684092204
15 54 6 0.14601953824361166
15 58 6 0.1512902577718099
15 62 4 0.14614850282669067
15 66 4 0.20707416534423828
15 70 4 0.2024875283241272
15 74 4 0.2393885850906372
15 78 4 0.19954979419708252
17 2 6 0.03566277027130127
17 6 6 0.037368059158325195
17 10 6 0.03877774874369303
17 14 6 0.052462379137674965
17 18 6 0.05277665456136068
17 22 6 0.05849464734395345
17 26 6 0.07291797796885173
17 30 6 0.08401183287302653
17 34 6 0.0900108019510905
17 38 6 0.10420405864715576
17 42 6 0.12080097198486328
17 46 6 0.1828467051188151
17 50 6 0.21495083967844644
17 54 6 0.20750013987223306
17 58 6 0.19699323177337646
17 62 4 0.19848531484603882
17 66 4 0.2858695983886719
17 70 4 0.2499755620956421
17 74 4 0.3547089099884033
17 78 4 0.35293155908584595
19 2 6 0.03795135021209717
19 6 6 0.03673438231150309
19 10 6 0.04258100191752116
19 14 6 0.053292552630106606
19 18 6 0.06282087167104085
19 22 6 0.08004331588745117
19 26 6 0.08122718334197998
19 30 6 0.11193835735321045
19 34 6 0.12645049889882407
19 38 6 0.12823176383972168
19 42 6 0.14846599102020264
19 46 6 0.17265196641286215
19 50 6 0.16906813780466715
19 54 6 0.2975477377573649
19 58 6 0.23131064573923746
19 62 4 0.29837149381637573
19 66 4 0.3217732906341553
19 70 4 0.38783007860183716
19 74 4 0.48300760984420776
19 78 4 0.5646529197692871
21 2 6 0.036925713221232094
21 6 6 0.03558723131815592
21 10 6 0.038435141245524086
21 14 6 0.14995543162027994
21 18 6 0.061385711034139
21 22 6 0.08069880803426106
21 26 6 0.0799553394317627
21 30 6 0.10311683019002278
21 34 6 0.13158905506134033
21 38 6 0.17213881015777588
21 42 6 0.22393723328908285
21 46 6 0.22608232498168945
21 50 6 0.8083247741063436
21 54 6 0.48439661661783856
21 58 6 0.6696648597717285
21 62 4 0.41995906829833984
21 66 4 0.5189687013626099
21 70 4 0.37025219202041626
21 74 4 0.5762085318565369
21 78 4 0.6692496538162231
23 2 6 0.04771904150644938
23 6 6 0.11935055255889893
23 10 6 0.10281177361806233
23 14 6 0.10856592655181885
23 18 6 0.1292694409688314
23 22 6 0.13177367051442465
23 26 6 0.1763547658920288
23 30 6 0.24607221285502115
23 34 6 0.21473264694213867
23 38 6 0.19320682684580484
23 42 6 0.2506583531697591
23 46 6 0.24428804715474448
23 50 6 0.3471573193868001
23 54 6 0.4209103584289551
23 58 6 0.48022449016571045
23 62 4 0.556412398815155
23 66 4 0.5119533538818359
23 70 4 0.7532551288604736
23 74 4 0.6766743063926697
23 78 4 0.689074695110321
25 2 6 0.18889212608337402
25 6 6 0.085824449857076
25 10 6 0.04993414878845215
25 14 6 0.057647387186686196
25 18 6 0.0740516980489095
25 22 6 0.10315994421641032
25 26 6 0.1371523936589559
25 30 6 0.14889768759409586
25 34 6 0.21649293104807535
25 38 6 0.2606453498204549
25 42 6 0.33111969629923504
25 46 6 0.3151458501815796
25 50 6 0.4785960117975871
25 54 6 0.46084002653757733
25 58 6 0.5649334192276001
25 62 4 0.7231679558753967
25 66 4 0.5657476782798767
25 70 4 0.6100823283195496
25 74 4 0.708089292049408
25 78 4 0.9514825940132141
27 2 6 0.032073418299357094
27 6 6 0.03491501013437907
27 10 6 0.04465111096700033
27 14 6 0.059325218200683594
27 18 6 0.10458111763000488
27 22 6 0.10523827870686848
27 26 6 0.1545183261235555
27 30 6 0.17138894399007162
27 34 6 0.2654617230097453
27 38 6 0.24125476678212485
27 42 6 0.28574252128601074
27 46 6 0.5873941977818807
27 50 6 0.6525352795918783
27 54 6 0.618675947189331
27 58 6 0.6903960704803467
27 62 4 0.6619206666946411
27 66 4 0.8905957341194153
27 70 4 1.008754014968872
27 74 4 0.7313233613967896
27 78 4 1.1362464427947998
29 2 6 0.030488252639770508
29 6 6 0.03510506947835287
29 10 6 0.04348548253377279
29 14 6 0.07498256365458171
29 18 6 0.09682289759318034
29 22 6 0.13154800732930502
29 26 6 0.20770053068796793
29 30 6 0.2682047684987386
29 34 6 0.3148690462112427
29 38 6 0.36217908064524335
29 42 6 0.5438570181528727
29 46 6 0.5111299355824789
29 50 6 0.5216401815414429
29 54 6 0.776261568069458
29 58 6 0.8648428122202555
29 62 4 1.0658375024795532
29 66 4 0.9648213386535645
29 70 4 1.1665263772010803
29 74 4 1.0747390389442444
29 78 4 1.5118933320045471
31 2 4 0.12497782707214355
31 6 4 0.03463941812515259
31 10 4 0.04912281036376953
31 14 4 0.07669728994369507
31 18 4 0.11195766925811768
31 22 4 0.13360989093780518
31 26 4 0.20846563577651978
31 30 4 0.2662861943244934
31 34 4 0.3335605263710022
31 38 4 0.4484807848930359
31 42 4 0.5501660108566284
31 46 4 0.6549243330955505
31 50 4 0.8570103645324707
31 54 4 1.1877944469451904
31 58 4 1.144441306591034
31 62 4 1.3860552906990051
31 66 4 1.1441966891288757
31 70 4 1.372837483882904
31 74 4 1.7792433500289917
31 78 4 1.903660237789154
33 2 4 0.029644012451171875
33 6 4 0.03351461887359619
33 10 4 0.07819920778274536
33 14 4 0.0754963755607605
33 18 4 0.1315099000930786
33 22 4 0.13886088132858276
33 26 4 0.20973730087280273
33 30 4 0.3520916700363159
33 34 4 0.3883436918258667
33 38 4 0.5563743114471436
33 42 4 0.5792815089225769
33 46 4 0.7732097506523132
33 50 4 1.0583811402320862
33 54 4 1.2967002987861633
33 58 4 1.2600306868553162
33 62 4 1.3069549798965454
33 66 4 1.6053160429000854
33 70 4 1.7079081535339355
33 74 4 2.52907133102417
33 78 4 2.5327389240264893
35 2 4 0.033191978931427
35 6 4 0.0455361008644104
35 10 4 0.05576372146606445
35 14 4 0.09052783250808716
35 18 4 0.13187813758850098
35 22 4 0.18774116039276123
35 26 4 0.3023151159286499
35 30 4 0.36089563369750977
35 34 4 0.5481980443000793
35 38 4 0.7896844744682312
35 42 4 0.708125650882721
35 46 4 0.9250773191452026
35 50 4 1.1178454756736755
35 54 4 1.3493637442588806
35 58 4 1.5445781350135803
35 62 4 1.551699936389923
35 66 4 2.2691158652305603
35 70 4 2.1825684905052185
35 74 4 2.5829312801361084
35 78 4 4.022634506225586
37 2 4 0.03657931089401245
37 6 4 0.03512090444564819
37 10 4 0.05778694152832031
37 14 4 0.10531532764434814
37 18 4 0.12333577871322632
37 22 4 0.19754570722579956
37 26 4 0.3062922954559326
37 30 4 0.49292993545532227
37 34 4 0.6791552305221558
37 38 4 0.63849276304245
37 42 4 1.1815789341926575
37 46 4 0.8607037663459778
37 50 4 1.2483829855918884
37 54 4 1.1862647533416748
37 58 4 1.5122504830360413
37 62 4 1.5949886441230774
37 66 4 2.010868191719055
37 70 4 2.549383521080017
37 74 4 2.7308274507522583
37 78 4 3.4965659976005554
39 2 4 0.02860713005065918
39 6 4 0.0483742356300354
39 10 4 0.06542843580245972
39 14 4 0.08752399682998657
39 18 4 0.15252900123596191
39 22 4 0.258348286151886
39 26 4 0.3888649344444275
39 30 4 0.547209620475769
39 34 4 0.5310608744621277
39 38 4 0.7714323997497559
39 42 4 1.2001572251319885
39 46 4 1.2128331065177917
39 50 4 1.6586412191390991
39 54 4 1.6811418533325195
39 58 4 2.48832368850708
39 62 4 3.028062164783478
39 66 4 3.6173378229141235
39 70 4 3.3695038557052612
39 74 4 3.5650963187217712
39 78 4 3.940912663936615
3 82 1 0.04304766654968262
3 86 1 0.04495692253112793
3 90 1 0.046324729919433594
3 94 1 0.04822945594787598
3 98 1 0.05153965950012207
5 82 1 0.062154531478881836
5 86 1 0.06821203231811523
5 90 1 0.06673908233642578
5 94 1 0.0645756721496582
5 98 1 0.0731663703918457
7 82 1 0.07850003242492676
7 86 1 0.10605359077453613
7 90 1 0.08895611763000488
7 94 1 0.08930850028991699
7 98 1 0.10007023811340332
9 82 1 0.11161541938781738
9 86 1 0.08655261993408203
9 90 1 0.1136465072631836
9 94 1 0.10156512260437012
9 98 1 0.14879345893859863
11 82 1 0.14064621925354004
11 86 1 0.13606524467468262
11 90 1 0.16532254219055176
11 94 1 0.14862513542175293
11 98 1 0.15537214279174805
13 82 1 0.272735595703125
13 86 1 0.18865489959716797
13 90 1 0.18915796279907227
13 94 1 0.15718317031860352
13 98 1 0.16937613487243652
15 82 1 0.19183993339538574
15 86 1 0.3541750907897949
15 90 1 0.2960841655731201
15 94 1 0.26951146125793457
15 98 1 0.23791122436523438
17 82 1 0.4583609104156494
17 86 1 0.6893928050994873
17 90 1 0.6770570278167725
17 94 1 0.6157734394073486
17 98 1 0.6661674976348877
19 82 1 0.7881326675415039
19 86 1 0.4985346794128418
19 90 1 0.7229793071746826
19 94 1 0.5692160129547119
19 98 1 0.6482117176055908
21 82 1 0.5473086833953857
21 86 1 0.7316761016845703
21 90 1 0.9795961380004883
21 94 1 0.809166431427002
21 98 1 0.8148703575134277
23 82 1 0.526453971862793
23 86 1 0.842827320098877
23 90 1 0.7406301498413086
23 94 1 1.1293973922729492
23 98 1 0.6093952655792236
25 82 1 0.9946913719177246
25 86 1 0.6523957252502441
25 90 1 1.6175248622894287
25 94 1 1.2763044834136963
25 98 1 1.8689625263214111
27 82 1 1.352863073348999
27 86 1 0.9748580455780029
27 90 1 0.9443747997283936
27 94 1 1.7989604473114014
27 98 1 2.1294782161712646
29 82 1 1.2607078552246094
29 86 1 2.7378227710723877
29 90 1 1.9113802909851074
29 94 1 2.4867427349090576
29 98 1 3.5149545669555664
31 82 1 2.735044479370117
31 86 1 4.3898420333862305
31 90 1 1.7439711093902588
31 94 1 2.371641159057617
31 98 1 3.015183687210083
33 82 1 3.532759666442871
33 86 1 2.6063971519470215
33 90 1 3.0437633991241455
33 94 1 3.145277500152588
33 98 1 1.7155168056488037
35 82 1 2.7142984867095947
35 86 1 3.284294843673706
35 90 1 3.9121456146240234
35 94 1 3.7665765285491943
35 98 1 3.844046115875244
37 82 1 5.20323634147644
37 86 1 6.84292459487915
37 90 1 4.020910024642944
37 94 1 5.089812755584717
37 98 1 5.938239336013794
39 82 1 4.143445730209351
39 86 1 4.750909090042114
39 90 1 5.2410032749176025
39 94 1 4.4112677574157715
39 98 1 8.658942222595215
41 2 1 0.03675365447998047
41 6 1 0.03677058219909668
41 10 1 0.07000231742858887
41 14 1 0.0807492733001709
41 18 1 0.12286496162414551
41 22 1 0.2555551528930664
41 26 1 0.45990967750549316
41 30 1 0.8159210681915283
41 34 1 0.6862499713897705
41 38 1 1.0707647800445557
41 42 1 1.116710901260376
41 46 1 1.7068970203399658
41 50 1 0.9688458442687988
41 54 1 1.9206459522247314
41 58 1 2.701692581176758
41 62 1 1.696105718612671
41 66 1 2.339031457901001
41 70 1 3.697871685028076
41 74 1 3.556346893310547
41 78 1 4.129319190979004
41 82 1 5.360193967819214
41 86 1 5.256587266921997
41 90 1 6.065314531326294
41 94 1 7.0045249462127686
41 98 1 9.068394422531128
43 2 1 0.21784400939941406
43 6 1 0.036464691162109375
43 10 1 0.04841947555541992
43 14 1 0.14298725128173828
43 18 1 0.18564534187316895
43 22 1 0.3462653160095215
43 26 1 0.4074838161468506
43 30 1 0.43349575996398926
43 34 1 0.8793976306915283
43 38 1 1.0036036968231201
43 42 1 1.7490646839141846
43 46 1 1.0116245746612549
43 50 1 1.4291105270385742
43 54 1 2.711207389831543
43 58 1 2.593472480773926
43 62 1 3.8458917140960693
43 66 1 4.799631834030151
43 70 1 3.8958992958068848
43 74 1 3.7273223400115967
43 78 1 6.73667311668396
43 82 1 4.608755826950073
43 86 1 4.557337045669556
43 90 1 5.8557140827178955
43 94 1 11.03759241104126
43 98 1 6.314781427383423
45 2 1 0.027708768844604492
45 6 1 0.03593277931213379
45 10 1 0.07400226593017578
45 14 1 0.10181188583374023
45 18 1 0.21166110038757324
45 22 1 0.30330920219421387
45 26 1 0.44228076934814453
45 30 1 0.3939690589904785
45 34 1 0.9309139251708984
45 38 1 0.885704517364502
45 42 1 1.6433072090148926
45 46 1 1.871608018875122
45 50 1 1.7136194705963135
45 54 1 2.415619373321533
45 58 1 1.6813178062438965
45 62 1 3.0142035484313965
45 66 1 2.1997628211975098
45 70 1 5.114217519760132
45 74 1 6.926096677780151
45 78 1 4.245569229125977
45 82 1 6.596481561660767
45 86 1 6.6887524127960205
45 90 1 9.185127973556519
45 94 1 7.901297569274902
45 98 1 10.226060628890991
47 2 1 0.03066110610961914
47 6 1 0.04454851150512695
47 10 1 0.10174012184143066
47 14 1 0.155472993850708
47 18 1 0.21909356117248535
47 22 1 0.2249898910522461
47 26 1 0.5577759742736816
47 30 1 0.5551567077636719
47 34 1 1.1361277103424072
47 38 1 2.6995129585266113
47 42 1 2.7216126918792725
47 46 1 2.1103856563568115
47 50 1 3.9668290615081787
47 54 1 4.297775030136108
47 58 1 3.237051248550415
47 62 1 5.9598753452301025
47 66 1 2.7090394496917725
47 70 1 5.9115893840789795
47 74 1 5.505856275558472
47 78 1 6.249650716781616
47 82 1 5.770976543426514
47 86 1 7.239189863204956
47 90 1 10.529329061508179
47 94 1 7.390156984329224
47 98 1 13.474203109741211
49 2 1 0.2680227756500244
49 6 1 0.06137537956237793
49 10 1 0.0938413143157959
49 14 1 0.12393808364868164
49 18 1 0.29978394508361816
49 22 1 0.3651878833770752
49 26 1 1.0279433727264404
49 30 1 1.3428726196289062
49 34 1 1.4121110439300537
49 38 1 2.4077112674713135
49 42 1 2.127915620803833
49 46 1 2.354417324066162
49 50 1 3.552147150039673
49 54 1 2.641794204711914
49 58 1 7.321714401245117
49 62 1 4.05574107170105
49 66 1 6.137771129608154
49 70 1 5.512411832809448
49 74 1 6.444583415985107
49 78 1 6.627718448638916
49 82 1 6.688342094421387
49 86 1 11.237929344177246
49 90 1 9.411082983016968
49 94 1 8.101074695587158
49 98 1 11.160227537155151
